568 80 -1435 
563 82 -1440 
607 38 -1432 
573 -256 -1558 
456 -933 -1618 
605 -690 -1352 
662 -207 -1350 
526 26 -1443 
448 117 -1427 
401 148 -1451 
528 -105 -1437 
693 -806 -1155 
393 -1502 -600 
636 -1217 -816 
513 -1438 -656 
435 -1372 -793 
388 -1115 -1123 
343 -1173 -1105 
286 -1192 -1141 
220 676 -1322 
241 778 -1242 
358 1220 -731 
173 251 -1471 
111 -965 -1275 
215 -1518 770 
191 -1092 1281 
388 192 1507 
393 1258 473 
288 -766 1456 
532 -1245 -837 
356 -857 -1278 
111 -865 -1288 
-121 -737 -1425 
278 -820 -1281 
485 77 -1405 
155 311 -1443 
640 -416 -1330 
-55 -778 -1368 
-58 -808 -1398 
387 -648 -1325 
581 -355 -1398 
453 -1485 -495 
480 -1605 -32 
540 296 -1350 
568 1166 -615 
430 -158 -1405 
1241 -490 -816 
1303 -413 -660 
-168 -330 -1456 
-1168 -220 -978 
-95 -433 -1425 
1231 -536 -793 
1528 -376 -71 
1275 -381 -767 
-351 -308 -1427 
-1063 -276 -1087 
320 -360 -1402 
1521 -306 -172 
980 -457 -1102 
613 761 -1038 
568 1313 32 
568 1286 -255 
432 -268 -1471 
836 -928 -881 
1267 352 -672 
-333 -126 -1451 
901 -977 -687 
1152 671 -597 
-408 87 -1391 
645 -1256 -497 
1325 641 -27 
403 396 -1391 
-1 -1212 -716 
1330 -585 -488 
602 436 -1361 
-223 -1046 -971 
810 -1141 -437 
1092 311 -1061 
-40 -830 -1283 
453 -1210 -321 
1226 227 -912 
-228 -438 -1388 
401 -1220 -342 
1173 406 -930 
-228 -778 -1203 
573 -1245 -323 
628 372 -1410 
372 -1240 -488 
1370 -286 -783 
210 -102 -1495 
592 -1288 -347 
1246 65 -896 
-47 -633 -1340 
1001 -1141 -515 
286 -261 -1592 
111 -1023 -827 
865 -388 -1301 
1246 -56 -1033 
-277 -431 -1320 
707 -335 -1357 
1288 -143 -976 
-188 -298 -1456 
722 -200 -1468 
1066 271 -1126 
-226 -256 -1396 
585 -143 -1512 
1136 163 -1118 
-631 -138 -1316 
220 -1151 -1066 
330 -668 -1337 
487 -1291 -840 
356 -518 1538 
332 -1317 -791 
358 -1592 323 
398 -1367 898 
633 -615 -1352 
442 -918 1345 
283 -1528 -432 
-595 -1023 -981 
-495 -1325 -780 
1150 -1023 -243 
1343 -710 -233 
-571 -1592 -131 
-971 -1413 0 
645 -1381 -548 
497 -1590 76 
356 -1563 -352 
497 -1536 -208 
568 -266 -1371 
583 817 -1046 
-176 803 -1118 
87 -1200 -1027 
1183 -773 -643 
-338 -251 -1293 
401 -1281 -827 
655 -442 -1320 
-693 -786 -1170 
1037 -1087 -388 
260 -352 -1500 
-650 -1227 -850 
1202 -710 -638 
702 -1136 -561 
315 -745 -1155 
205 232 -1437 
202 136 -1463 
-162 -771 -1311 
-298 -592 -1425 
667 -393 -1283 
-241 442 -1381 
466 -646 -1311 
-492 -480 -1407 
668 -558 -1257 
-40 492 -1347 
278 -673 -1352 
-333 -533 -1420 
537 117 -1363 
408 322 -1378 
-248 -528 -1412 
356 -926 -1110 
3 590 -1330 
207 -822 -1288 
-155 -832 -1293 
442 457 -1293 
618 -148 -1363 
-336 -600 -1405 
578 -671 -1245 
563 -553 -1303 
576 -565 -1288 
571 -563 -1288 
631 -250 -1332 
157 511 -1357 
202 487 -1368 
202 465 -1366 
217 462 -1366 
226 465 -1363 
220 487 -1352 
223 480 -1340 
228 487 -1350 
236 431 -1355 
291 -872 -1223 
-275 -761 -1332 
-320 -717 -1347 
-341 -700 -1337 
-346 -683 -1350 
-341 -681 -1345 
-662 -648 -1247 
-1363 -901 -357 
-1411 -875 -250 
-1420 -870 -236 
-1272 -913 -553 
-1152 -536 -973 
-1246 -401 -893 
-401 -1495 -638 
633 -1445 510 
540 -1250 -793 
566 -163 -1415 
348 -1258 1110 
547 -1220 -842 
528 -1112 -1048 
417 301 -1391 
306 -923 -1206 
375 -1002 -1056 
555 183 -1371 
-333 -752 -1245 
748 -227 -1313 
497 -1327 -733 
540 -393 -1361 
461 -1607 126 
472 -311 1531 
425 -1528 -437 
526 -1178 -961 
341 -508 1546 
343 -1232 -945 
391 -1291 -852 
396 -393 1556 
-37 -1163 -1072 
492 -720 -1270 
380 261 -1393 
-45 -747 -1330 
555 -337 -1357 
416 67 -1425 
215 -666 -1363 
697 -258 -1291 
636 -332 -1311 
-453 -365 -1412 
1145 -256 -878 
1207 -372 -832 
-867 -381 -1231 
1298 -398 -653 
856 -570 -1131 
-523 -433 -1391 
1401 -470 -398 
-183 -477 -1430 
540 -610 -1278 
1396 -558 -362 
-681 -661 -1281 
1351 -452 -517 
767 -516 -1242 
-568 -538 -1357 
1403 -538 -321 
-278 -636 -1398 
961 -508 -1082 
1193 -480 -847 
-523 -567 -1355 
1398 -636 -172 
21 -518 -1435 
76 -1403 -837 
485 -1513 563 
683 -122 -1325 
623 -1105 -927 
446 -1092 1213 
650 -143 -1306 
621 -1330 -653 
391 -766 1425 
408 -350 -1402 
571 -1127 -953 
458 -220 1546 
728 -138 -1306 
427 -1176 1141 
547 -1556 -146 
171 -1090 -1170 
-1317 -898 618 
568 -1090 -997 
1353 -725 303 
1095 -1163 92 
16 -1630 -432 
-997 -1418 92 
1001 -1255 -136 
1411 391 165 
746 -1467 -76 
-1403 -898 -78 
-87 -1700 262 
1432 347 -5 
1435 315 10 
1425 303 -167 
935 -1303 -153 
140 -1572 -515 
556 -526 -1325 
636 -408 -1330 
568 -421 -1347 
195 -817 -1316 
-550 -577 -1378 
-612 -313 -1388 
-626 -306 -1391 
-552 -462 -1402 
-126 -686 -1407 
528 -646 -1291 
573 -462 -1322 
511 -506 -1345 
556 -501 -1313 
530 -506 -1350 
556 -508 -1330 
616 -467 -1311 
605 -237 -1340 
210 526 -1325 
126 433 -1373 
136 445 -1371 
145 440 -1373 
642 -77 -1335 
468 -636 -1342 

